# GIMP 'トーンカーブ' settings

(time 0)
(trc non-linear)
(channel value)
(curve
    (curve-type smooth)
    (points 4 0 0 1 1)
    (point-types 2 smooth smooth)
    (n-samples 256)
    (samples 256 0 0.0039215686274509803 0.0078431372549019607 0.011764705882352943 0.015686274509803921 0.019607843137254898 0.023529411764705879 0.027450980392156859 0.031372549019607843 0.035294117647058816 0.039215686274509803 0.043137254901960791 0.047058823529411764 0.050980392156862737 0.054901960784313725 0.058823529411764712 0.062745098039215685 0.066666666666666666 0.07058823529411766 0.07450980392156864 0.078431372549019621 0.082352941176470587 0.086274509803921567 0.090196078431372534 0.094117647058823528 0.098039215686274508 0.10196078431372547 0.10588235294117647 0.10980392156862745 0.11372549019607843 0.11764705882352938 0.1215686274509804 0.12549019607843137 0.12941176470588237 0.13333333333333336 0.13725490196078433 0.14117647058823532 0.14509803921568629 0.14901960784313723 0.15294117647058825 0.15686274509803921 0.16078431372549021 0.1647058823529412 0.16862745098039217 0.17254901960784311 0.17647058823529413 0.18039215686274507 0.18431372549019609 0.18823529411764706 0.19215686274509805 0.19607843137254902 0.20000000000000007 0.20392156862745101 0.20784313725490197 0.21176470588235291 0.21568627450980393 0.21960784313725493 0.22352941176470589 0.22745098039215686 0.23137254901960783 0.23529411764705882 0.23921568627450979 0.24313725490196075 0.24705882352941175 0.25098039215686274 0.25490196078431371 0.25882352941176473 0.26274509803921575 0.26666666666666672 0.27058823529411768 0.27450980392156865 0.27843137254901962 0.28235294117647064 0.2862745098039215 0.29019607843137252 0.29411764705882348 0.29803921568627445 0.30196078431372542 0.30588235294117649 0.30980392156862746 0.31372549019607843 0.31764705882352934 0.32156862745098053 0.32549019607843144 0.3294117647058824 0.33333333333333331 0.33725490196078434 0.3411764705882353 0.34509803921568633 0.34901960784313729 0.35294117647058826 0.35686274509803917 0.36078431372549019 0.3647058823529411 0.36862745098039224 0.37254901960784315 0.37647058823529411 0.38039215686274508 0.3843137254901961 0.38823529411764712 0.39215686274509809 0.39607843137254906 0.39999999999999997 0.40392156862745099 0.40784313725490196 0.41176470588235292 0.41568627450980383 0.41960784313725485 0.42352941176470582 0.42745098039215684 0.43137254901960786 0.43529411764705883 0.4392156862745098 0.44313725490196076 0.44705882352941184 0.45098039215686281 0.45490196078431377 0.45882352941176474 0.46274509803921571 0.46666666666666667 0.47058823529411764 0.47450980392156861 0.47843137254901957 0.48235294117647054 0.48627450980392145 0.49019607843137247 0.49411764705882355 0.49803921568627452 0.50196078431372548 0.50588235294117645 0.50980392156862742 0.51372549019607838 0.51764705882352946 0.52156862745098043 0.52549019607843139 0.52941176470588236 0.53333333333333333 0.53725490196078429 0.54117647058823526 0.54509803921568634 0.5490196078431373 0.55294117647058827 0.55686274509803924 0.5607843137254902 0.56470588235294117 0.56862745098039214 0.5725490196078431 0.57647058823529407 0.58039215686274515 0.58431372549019611 0.58823529411764708 0.59215686274509804 0.59607843137254901 0.59999999999999998 0.60392156862745094 0.60784313725490191 0.61176470588235299 0.61568627450980395 0.61960784313725492 0.62352941176470589 0.62745098039215685 0.63137254901960782 0.63529411764705879 0.63921568627450975 0.64313725490196083 0.6470588235294118 0.65098039215686287 0.65490196078431384 0.65882352941176481 0.66274509803921577 0.66666666666666663 0.6705882352941176 0.67450980392156867 0.67843137254901964 0.68235294117647061 0.68627450980392157 0.69019607843137254 0.69411764705882351 0.69803921568627447 0.70196078431372544 0.70588235294117663 0.70980392156862759 0.71372549019607845 0.71764705882352942 0.72156862745098038 0.72549019607843135 0.7294117647058822 0.73333333333333328 0.73725490196078436 0.74117647058823533 0.74509803921568629 0.74901960784313726 0.75294117647058822 0.75686274509803919 0.76078431372549016 0.76470588235294112 0.76862745098039231 0.77254901960784317 0.77647058823529425 0.78039215686274521 0.78431372549019607 0.78823529411764703 0.79215686274509811 0.79607843137254897 0.80000000000000004 0.80392156862745101 0.80784313725490198 0.81176470588235294 0.81568627450980391 0.81960784313725488 0.82352941176470584 0.82745098039215681 0.83137254901960789 0.83529411764705874 0.83921568627450982 0.84313725490196068 0.84705882352941175 0.85098039215686272 0.8549019607843138 0.85882352941176465 0.86274509803921573 0.8666666666666667 0.87058823529411766 0.87450980392156863 0.8784313725490196 0.88235294117647056 0.88627450980392164 0.8901960784313725 0.89411764705882357 0.89803921568627443 0.90196078431372551 0.90588235294117636 0.90980392156862755 0.91372549019607852 0.91764705882352937 0.92156862745098023 0.92549019607843142 0.92941176470588238 0.93333333333333335 0.93725490196078431 0.94117647058823528 0.94509803921568625 0.94901960784313721 0.95294117647058818 0.95686274509803926 0.96078431372549011 0.96470588235294119 0.96862745098039216 0.97254901960784312 0.97647058823529409 0.98039215686274506 0.98431372549019591 0.98823529411764721 0.99215686274509807 0.99607843137254914 1))
(channel red)
(curve
    (curve-type smooth)
    (points 4 0 0 1 1)
    (point-types 2 smooth smooth)
    (n-samples 256)
    (samples 256 0 0.0039215686274509803 0.0078431372549019607 0.011764705882352943 0.015686274509803921 0.019607843137254898 0.023529411764705879 0.027450980392156859 0.031372549019607843 0.035294117647058816 0.039215686274509803 0.043137254901960791 0.047058823529411764 0.050980392156862737 0.054901960784313725 0.058823529411764712 0.062745098039215685 0.066666666666666666 0.07058823529411766 0.07450980392156864 0.078431372549019621 0.082352941176470587 0.086274509803921567 0.090196078431372534 0.094117647058823528 0.098039215686274508 0.10196078431372547 0.10588235294117647 0.10980392156862745 0.11372549019607843 0.11764705882352938 0.1215686274509804 0.12549019607843137 0.12941176470588237 0.13333333333333336 0.13725490196078433 0.14117647058823532 0.14509803921568629 0.14901960784313723 0.15294117647058825 0.15686274509803921 0.16078431372549021 0.1647058823529412 0.16862745098039217 0.17254901960784311 0.17647058823529413 0.18039215686274507 0.18431372549019609 0.18823529411764706 0.19215686274509805 0.19607843137254902 0.20000000000000007 0.20392156862745101 0.20784313725490197 0.21176470588235291 0.21568627450980393 0.21960784313725493 0.22352941176470589 0.22745098039215686 0.23137254901960783 0.23529411764705882 0.23921568627450979 0.24313725490196075 0.24705882352941175 0.25098039215686274 0.25490196078431371 0.25882352941176473 0.26274509803921575 0.26666666666666672 0.27058823529411768 0.27450980392156865 0.27843137254901962 0.28235294117647064 0.2862745098039215 0.29019607843137252 0.29411764705882348 0.29803921568627445 0.30196078431372542 0.30588235294117649 0.30980392156862746 0.31372549019607843 0.31764705882352934 0.32156862745098053 0.32549019607843144 0.3294117647058824 0.33333333333333331 0.33725490196078434 0.3411764705882353 0.34509803921568633 0.34901960784313729 0.35294117647058826 0.35686274509803917 0.36078431372549019 0.3647058823529411 0.36862745098039224 0.37254901960784315 0.37647058823529411 0.38039215686274508 0.3843137254901961 0.38823529411764712 0.39215686274509809 0.39607843137254906 0.39999999999999997 0.40392156862745099 0.40784313725490196 0.41176470588235292 0.41568627450980383 0.41960784313725485 0.42352941176470582 0.42745098039215684 0.43137254901960786 0.43529411764705883 0.4392156862745098 0.44313725490196076 0.44705882352941184 0.45098039215686281 0.45490196078431377 0.45882352941176474 0.46274509803921571 0.46666666666666667 0.47058823529411764 0.47450980392156861 0.47843137254901957 0.48235294117647054 0.48627450980392145 0.49019607843137247 0.49411764705882355 0.49803921568627452 0.50196078431372548 0.50588235294117645 0.50980392156862742 0.51372549019607838 0.51764705882352946 0.52156862745098043 0.52549019607843139 0.52941176470588236 0.53333333333333333 0.53725490196078429 0.54117647058823526 0.54509803921568634 0.5490196078431373 0.55294117647058827 0.55686274509803924 0.5607843137254902 0.56470588235294117 0.56862745098039214 0.5725490196078431 0.57647058823529407 0.58039215686274515 0.58431372549019611 0.58823529411764708 0.59215686274509804 0.59607843137254901 0.59999999999999998 0.60392156862745094 0.60784313725490191 0.61176470588235299 0.61568627450980395 0.61960784313725492 0.62352941176470589 0.62745098039215685 0.63137254901960782 0.63529411764705879 0.63921568627450975 0.64313725490196083 0.6470588235294118 0.65098039215686287 0.65490196078431384 0.65882352941176481 0.66274509803921577 0.66666666666666663 0.6705882352941176 0.67450980392156867 0.67843137254901964 0.68235294117647061 0.68627450980392157 0.69019607843137254 0.69411764705882351 0.69803921568627447 0.70196078431372544 0.70588235294117663 0.70980392156862759 0.71372549019607845 0.71764705882352942 0.72156862745098038 0.72549019607843135 0.7294117647058822 0.73333333333333328 0.73725490196078436 0.74117647058823533 0.74509803921568629 0.74901960784313726 0.75294117647058822 0.75686274509803919 0.76078431372549016 0.76470588235294112 0.76862745098039231 0.77254901960784317 0.77647058823529425 0.78039215686274521 0.78431372549019607 0.78823529411764703 0.79215686274509811 0.79607843137254897 0.80000000000000004 0.80392156862745101 0.80784313725490198 0.81176470588235294 0.81568627450980391 0.81960784313725488 0.82352941176470584 0.82745098039215681 0.83137254901960789 0.83529411764705874 0.83921568627450982 0.84313725490196068 0.84705882352941175 0.85098039215686272 0.8549019607843138 0.85882352941176465 0.86274509803921573 0.8666666666666667 0.87058823529411766 0.87450980392156863 0.8784313725490196 0.88235294117647056 0.88627450980392164 0.8901960784313725 0.89411764705882357 0.89803921568627443 0.90196078431372551 0.90588235294117636 0.90980392156862755 0.91372549019607852 0.91764705882352937 0.92156862745098023 0.92549019607843142 0.92941176470588238 0.93333333333333335 0.93725490196078431 0.94117647058823528 0.94509803921568625 0.94901960784313721 0.95294117647058818 0.95686274509803926 0.96078431372549011 0.96470588235294119 0.96862745098039216 0.97254901960784312 0.97647058823529409 0.98039215686274506 0.98431372549019591 0.98823529411764721 0.99215686274509807 0.99607843137254914 1))
(channel green)
(curve
    (curve-type smooth)
    (points 4 0 0 1 1)
    (point-types 2 smooth smooth)
    (n-samples 256)
    (samples 256 0 0.0039215686274509803 0.0078431372549019607 0.011764705882352943 0.015686274509803921 0.019607843137254898 0.023529411764705879 0.027450980392156859 0.031372549019607843 0.035294117647058816 0.039215686274509803 0.043137254901960791 0.047058823529411764 0.050980392156862737 0.054901960784313725 0.058823529411764712 0.062745098039215685 0.066666666666666666 0.07058823529411766 0.07450980392156864 0.078431372549019621 0.082352941176470587 0.086274509803921567 0.090196078431372534 0.094117647058823528 0.098039215686274508 0.10196078431372547 0.10588235294117647 0.10980392156862745 0.11372549019607843 0.11764705882352938 0.1215686274509804 0.12549019607843137 0.12941176470588237 0.13333333333333336 0.13725490196078433 0.14117647058823532 0.14509803921568629 0.14901960784313723 0.15294117647058825 0.15686274509803921 0.16078431372549021 0.1647058823529412 0.16862745098039217 0.17254901960784311 0.17647058823529413 0.18039215686274507 0.18431372549019609 0.18823529411764706 0.19215686274509805 0.19607843137254902 0.20000000000000007 0.20392156862745101 0.20784313725490197 0.21176470588235291 0.21568627450980393 0.21960784313725493 0.22352941176470589 0.22745098039215686 0.23137254901960783 0.23529411764705882 0.23921568627450979 0.24313725490196075 0.24705882352941175 0.25098039215686274 0.25490196078431371 0.25882352941176473 0.26274509803921575 0.26666666666666672 0.27058823529411768 0.27450980392156865 0.27843137254901962 0.28235294117647064 0.2862745098039215 0.29019607843137252 0.29411764705882348 0.29803921568627445 0.30196078431372542 0.30588235294117649 0.30980392156862746 0.31372549019607843 0.31764705882352934 0.32156862745098053 0.32549019607843144 0.3294117647058824 0.33333333333333331 0.33725490196078434 0.3411764705882353 0.34509803921568633 0.34901960784313729 0.35294117647058826 0.35686274509803917 0.36078431372549019 0.3647058823529411 0.36862745098039224 0.37254901960784315 0.37647058823529411 0.38039215686274508 0.3843137254901961 0.38823529411764712 0.39215686274509809 0.39607843137254906 0.39999999999999997 0.40392156862745099 0.40784313725490196 0.41176470588235292 0.41568627450980383 0.41960784313725485 0.42352941176470582 0.42745098039215684 0.43137254901960786 0.43529411764705883 0.4392156862745098 0.44313725490196076 0.44705882352941184 0.45098039215686281 0.45490196078431377 0.45882352941176474 0.46274509803921571 0.46666666666666667 0.47058823529411764 0.47450980392156861 0.47843137254901957 0.48235294117647054 0.48627450980392145 0.49019607843137247 0.49411764705882355 0.49803921568627452 0.50196078431372548 0.50588235294117645 0.50980392156862742 0.51372549019607838 0.51764705882352946 0.52156862745098043 0.52549019607843139 0.52941176470588236 0.53333333333333333 0.53725490196078429 0.54117647058823526 0.54509803921568634 0.5490196078431373 0.55294117647058827 0.55686274509803924 0.5607843137254902 0.56470588235294117 0.56862745098039214 0.5725490196078431 0.57647058823529407 0.58039215686274515 0.58431372549019611 0.58823529411764708 0.59215686274509804 0.59607843137254901 0.59999999999999998 0.60392156862745094 0.60784313725490191 0.61176470588235299 0.61568627450980395 0.61960784313725492 0.62352941176470589 0.62745098039215685 0.63137254901960782 0.63529411764705879 0.63921568627450975 0.64313725490196083 0.6470588235294118 0.65098039215686287 0.65490196078431384 0.65882352941176481 0.66274509803921577 0.66666666666666663 0.6705882352941176 0.67450980392156867 0.67843137254901964 0.68235294117647061 0.68627450980392157 0.69019607843137254 0.69411764705882351 0.69803921568627447 0.70196078431372544 0.70588235294117663 0.70980392156862759 0.71372549019607845 0.71764705882352942 0.72156862745098038 0.72549019607843135 0.7294117647058822 0.73333333333333328 0.73725490196078436 0.74117647058823533 0.74509803921568629 0.74901960784313726 0.75294117647058822 0.75686274509803919 0.76078431372549016 0.76470588235294112 0.76862745098039231 0.77254901960784317 0.77647058823529425 0.78039215686274521 0.78431372549019607 0.78823529411764703 0.79215686274509811 0.79607843137254897 0.80000000000000004 0.80392156862745101 0.80784313725490198 0.81176470588235294 0.81568627450980391 0.81960784313725488 0.82352941176470584 0.82745098039215681 0.83137254901960789 0.83529411764705874 0.83921568627450982 0.84313725490196068 0.84705882352941175 0.85098039215686272 0.8549019607843138 0.85882352941176465 0.86274509803921573 0.8666666666666667 0.87058823529411766 0.87450980392156863 0.8784313725490196 0.88235294117647056 0.88627450980392164 0.8901960784313725 0.89411764705882357 0.89803921568627443 0.90196078431372551 0.90588235294117636 0.90980392156862755 0.91372549019607852 0.91764705882352937 0.92156862745098023 0.92549019607843142 0.92941176470588238 0.93333333333333335 0.93725490196078431 0.94117647058823528 0.94509803921568625 0.94901960784313721 0.95294117647058818 0.95686274509803926 0.96078431372549011 0.96470588235294119 0.96862745098039216 0.97254901960784312 0.97647058823529409 0.98039215686274506 0.98431372549019591 0.98823529411764721 0.99215686274509807 0.99607843137254914 1))
(channel blue)
(curve
    (curve-type smooth)
    (points 4 0 0 1 1)
    (point-types 2 smooth smooth)
    (n-samples 256)
    (samples 256 0 0.0039215686274509803 0.0078431372549019607 0.011764705882352943 0.015686274509803921 0.019607843137254898 0.023529411764705879 0.027450980392156859 0.031372549019607843 0.035294117647058816 0.039215686274509803 0.043137254901960791 0.047058823529411764 0.050980392156862737 0.054901960784313725 0.058823529411764712 0.062745098039215685 0.066666666666666666 0.07058823529411766 0.07450980392156864 0.078431372549019621 0.082352941176470587 0.086274509803921567 0.090196078431372534 0.094117647058823528 0.098039215686274508 0.10196078431372547 0.10588235294117647 0.10980392156862745 0.11372549019607843 0.11764705882352938 0.1215686274509804 0.12549019607843137 0.12941176470588237 0.13333333333333336 0.13725490196078433 0.14117647058823532 0.14509803921568629 0.14901960784313723 0.15294117647058825 0.15686274509803921 0.16078431372549021 0.1647058823529412 0.16862745098039217 0.17254901960784311 0.17647058823529413 0.18039215686274507 0.18431372549019609 0.18823529411764706 0.19215686274509805 0.19607843137254902 0.20000000000000007 0.20392156862745101 0.20784313725490197 0.21176470588235291 0.21568627450980393 0.21960784313725493 0.22352941176470589 0.22745098039215686 0.23137254901960783 0.23529411764705882 0.23921568627450979 0.24313725490196075 0.24705882352941175 0.25098039215686274 0.25490196078431371 0.25882352941176473 0.26274509803921575 0.26666666666666672 0.27058823529411768 0.27450980392156865 0.27843137254901962 0.28235294117647064 0.2862745098039215 0.29019607843137252 0.29411764705882348 0.29803921568627445 0.30196078431372542 0.30588235294117649 0.30980392156862746 0.31372549019607843 0.31764705882352934 0.32156862745098053 0.32549019607843144 0.3294117647058824 0.33333333333333331 0.33725490196078434 0.3411764705882353 0.34509803921568633 0.34901960784313729 0.35294117647058826 0.35686274509803917 0.36078431372549019 0.3647058823529411 0.36862745098039224 0.37254901960784315 0.37647058823529411 0.38039215686274508 0.3843137254901961 0.38823529411764712 0.39215686274509809 0.39607843137254906 0.39999999999999997 0.40392156862745099 0.40784313725490196 0.41176470588235292 0.41568627450980383 0.41960784313725485 0.42352941176470582 0.42745098039215684 0.43137254901960786 0.43529411764705883 0.4392156862745098 0.44313725490196076 0.44705882352941184 0.45098039215686281 0.45490196078431377 0.45882352941176474 0.46274509803921571 0.46666666666666667 0.47058823529411764 0.47450980392156861 0.47843137254901957 0.48235294117647054 0.48627450980392145 0.49019607843137247 0.49411764705882355 0.49803921568627452 0.50196078431372548 0.50588235294117645 0.50980392156862742 0.51372549019607838 0.51764705882352946 0.52156862745098043 0.52549019607843139 0.52941176470588236 0.53333333333333333 0.53725490196078429 0.54117647058823526 0.54509803921568634 0.5490196078431373 0.55294117647058827 0.55686274509803924 0.5607843137254902 0.56470588235294117 0.56862745098039214 0.5725490196078431 0.57647058823529407 0.58039215686274515 0.58431372549019611 0.58823529411764708 0.59215686274509804 0.59607843137254901 0.59999999999999998 0.60392156862745094 0.60784313725490191 0.61176470588235299 0.61568627450980395 0.61960784313725492 0.62352941176470589 0.62745098039215685 0.63137254901960782 0.63529411764705879 0.63921568627450975 0.64313725490196083 0.6470588235294118 0.65098039215686287 0.65490196078431384 0.65882352941176481 0.66274509803921577 0.66666666666666663 0.6705882352941176 0.67450980392156867 0.67843137254901964 0.68235294117647061 0.68627450980392157 0.69019607843137254 0.69411764705882351 0.69803921568627447 0.70196078431372544 0.70588235294117663 0.70980392156862759 0.71372549019607845 0.71764705882352942 0.72156862745098038 0.72549019607843135 0.7294117647058822 0.73333333333333328 0.73725490196078436 0.74117647058823533 0.74509803921568629 0.74901960784313726 0.75294117647058822 0.75686274509803919 0.76078431372549016 0.76470588235294112 0.76862745098039231 0.77254901960784317 0.77647058823529425 0.78039215686274521 0.78431372549019607 0.78823529411764703 0.79215686274509811 0.79607843137254897 0.80000000000000004 0.80392156862745101 0.80784313725490198 0.81176470588235294 0.81568627450980391 0.81960784313725488 0.82352941176470584 0.82745098039215681 0.83137254901960789 0.83529411764705874 0.83921568627450982 0.84313725490196068 0.84705882352941175 0.85098039215686272 0.8549019607843138 0.85882352941176465 0.86274509803921573 0.8666666666666667 0.87058823529411766 0.87450980392156863 0.8784313725490196 0.88235294117647056 0.88627450980392164 0.8901960784313725 0.89411764705882357 0.89803921568627443 0.90196078431372551 0.90588235294117636 0.90980392156862755 0.91372549019607852 0.91764705882352937 0.92156862745098023 0.92549019607843142 0.92941176470588238 0.93333333333333335 0.93725490196078431 0.94117647058823528 0.94509803921568625 0.94901960784313721 0.95294117647058818 0.95686274509803926 0.96078431372549011 0.96470588235294119 0.96862745098039216 0.97254901960784312 0.97647058823529409 0.98039215686274506 0.98431372549019591 0.98823529411764721 0.99215686274509807 0.99607843137254914 1))
(channel alpha)
(curve
    (curve-type smooth)
    (points 14 0 0 0.10980392156862745 0.0039215686274509665 0.15294117647058825 0.0054276783177038546 0.24313725490196078 0.0088566827697261763 0.38039215686274508 0.027450980392156862 0.47786829599456887 0.14767452874869746 1 1)
    (point-types 7 smooth smooth smooth smooth smooth smooth smooth)
    (n-samples 256)
    (samples 256 0 0.0001404978498805158 0.00028099231410990853 0.00042148000703705514 0.00056195754301083299 0.00070242153638011844 0.00084286860149378922 0.00098329535270072163 0.001123698404349793 0.0012640743707898808 0.0014044198663698609 0.0015447315054386112 0.0016850059023450084 0.0018252396714379295 0.0019654294270662516 0.0021055717835788516 0.0022456633553246058 0.0023857007566523928 0.0025256806019110876 0.0026655995054495688 0.0028054540816167131 0.0029452409447613967 0.0030849567092324972 0.0032245979893788927 0.0033641613995494578 0.0035036435540930703 0.0036430410673586079 0.0037823505536949487 0.0039215686274509665 0.0040596687156932293 0.0041959730655432396 0.0043310015214322812 0.0044652739277916392 0.0045993101290525973 0.0047336299696464391 0.0048687532940044492 0.005005199946557912 0.0051434897717381111 0.0052841426139763293 0.0054276783177038546 0.0055635724085757558 0.0056826679379167726 0.0057875360386626992 0.0058807478437493217 0.0059648744861124257 0.0060424870986878045 0.0061161568144112444 0.0061884547662185343 0.0062619520870454623 0.0063392199098278174 0.006422829367501391 0.0065153515930019678 0.0066193577192653385 0.0067374188792272902 0.0068721062058236144 0.0070259908319900959 0.0072016438906625253 0.0074016365147766931 0.0076285398372683867 0.0078849249910733915 0.0081733631091274999 0.0084964253243664991 0.0088566827697261763 0.0091953075937788557 0.0094571010778692916 0.0096500780540919283 0.0097822533545412031 0.0098616418113115605 0.0098962582564974429 0.0098941175221932912 0.0098632344404935464 0.0098116238434926561 0.0097473005632850475 0.0096782794319651803 0.0096125752816274817 0.0095582029443664045 0.0095231772522763811 0.0095155130374518625 0.0095432251319872846 0.0096143283679770899 0.0097368375775157209 0.0099187675926976204 0.010168133245617227 0.010492949368368986 0.010901230793047337 0.011400992351746724 0.012000248876561589 0.012707015199586367 0.013529306152915506 0.014475136568643453 0.015552521278864639 0.016769475115673508 0.018134012911164506 0.01965414949743207 0.021337899706570653 0.023193278370674683 0.02522830032183861 0.027450980392156862 0.029917736540182163 0.032671881719111562 0.03570177325300599 0.038995768465926416 0.042542224681933784 0.046329499225089034 0.050345949419453161 0.054579932589087068 0.059019806058051731 0.063653927150408088 0.068470653190217112 0.073458341501539709 0.078605349408436886 0.083900034234969556 0.089330753305198712 0.094885863943185239 0.10055372347299019 0.10632268921867441 0.11218111850429888 0.11811736865392461 0.12411979699161248 0.13017676084142352 0.13627661752741854 0.14240772437365865 0.14767452874869746 0.15383266879244345 0.15999631406605805 0.16616542290857156 0.17233995365901428 0.17851986465641659 0.18470511423980876 0.19089566074822106 0.19709146252068394 0.20329247789622756 0.20949866521388233 0.21570998281267856 0.2219263890316466 0.22814784220981671 0.23437430068621914 0.24060572279988438 0.24684206688984259 0.25308329129512419 0.25932935435475946 0.26558021440777874 0.2718358297932123 0.27809615885009037 0.28436115991744348 0.29063079133430186 0.29690501143969572 0.30318377857265549 0.30946705107221145 0.31575478727739398 0.32204694552723323 0.32834348416075976 0.33464436151700377 0.34094953593499544 0.3472589657537653 0.35357260931234358 0.35989042494976053 0.36621237100504644 0.37253840581723191 0.37886848772534693 0.38520257506842204 0.39154062618548746 0.39788259941557352 0.40422845309771049 0.41057814557092859 0.41693163517425846 0.42328888024673023 0.42964983912737398 0.43601447015522043 0.4423827316692997 0.44875458200864238 0.45512997951227818 0.461508882519238 0.46789124936855186 0.47427703839925001 0.48066620795036319 0.48705871636092124 0.49345452196995471 0.49985358311649386 0.50625585813956919 0.51266130537821064 0.51906988317144864 0.52548154985831397 0.53189626377783639 0.53831398326904623 0.54473466667097425 0.55115827232265047 0.55758475856310508 0.56401408373136863 0.57044620616647135 0.57688108420744355 0.58331867619331579 0.58975894046311783 0.59620183535588045 0.60264731921063386 0.60909535036640838 0.61554588716223413 0.62199888793714175 0.62845431103016136 0.63491211478032339 0.64137225752665794 0.64783469760819556 0.65429939336396647 0.66076630313300089 0.66723538525432946 0.67370659806698208 0.68017989990998928 0.68665524912238141 0.69313260404318866 0.69961192301144159 0.70609316436617031 0.71257628644640503 0.71906124759117618 0.72554800613951431 0.73203652043044942 0.73852674880301195 0.74501864959623221 0.75151218114914076 0.75800730180076736 0.76450396989014258 0.77100214375629705 0.77750178173826079 0.784002842175064 0.79050528340573711 0.7970090637693108 0.80351414160481482 0.81002047525127974 0.81652802304773586 0.82303674333321364 0.82954659444674306 0.83605753472735489 0.84256952251407913 0.8490825161459461 0.85559647396198624 0.86211135430122976 0.86862711550270677 0.87514371590544826 0.881661113848484 0.88817926767084443 0.89469813571155976 0.90121767630966065 0.90773784780417688 0.91425860853413932 0.92077991683857785 0.92730173105652314 0.93382400952700517 0.9403467105890545 0.94686979258170134 0.95339321384397613 0.95991693271490919 0.96644090753353062 0.97296509663887087 0.97948945836996015 0.98601395106582879 0.99253853306550732 1))

# end of 'トーンカーブ' settings
